# Wave, half-width, depth (ppm), err (ppm)
2.765122e+00 0.000000e+00 2.478272e+03 6.781599e+01
2.792106e+00 0.000000e+00 2.455281e+03 4.319919e+01
2.819988e+00 0.000000e+00 2.509031e+03 3.397361e+01
2.848771e+00 0.000000e+00 2.476459e+03 3.077674e+01
2.877590e+00 0.000000e+00 2.455337e+03 2.797555e+01
2.906410e+00 0.000000e+00 2.506801e+03 2.779867e+01
2.935194e+00 0.000000e+00 2.489467e+03 2.656175e+01
2.963976e+00 0.000000e+00 2.439116e+03 2.601917e+01
2.993657e+00 0.000000e+00 2.521185e+03 2.423695e+01
3.024237e+00 0.000000e+00 2.476009e+03 2.502929e+01
3.054854e+00 0.000000e+00 2.458463e+03 2.395985e+01
3.085471e+00 0.000000e+00 2.432949e+03 2.379635e+01
3.116052e+00 0.000000e+00 2.454167e+03 2.305777e+01
3.146632e+00 0.000000e+00 2.447398e+03 2.311109e+01
3.178112e+00 0.000000e+00 2.485391e+03 2.241027e+01
3.210491e+00 0.000000e+00 2.452379e+03 2.334674e+01
3.242906e+00 0.000000e+00 2.473232e+03 2.328495e+01
3.275321e+00 0.000000e+00 2.422885e+03 2.212698e+01
3.307699e+00 0.000000e+00 2.485900e+03 2.285353e+01
3.340077e+00 0.000000e+00 2.495278e+03 2.318898e+01
3.373353e+00 0.000000e+00 2.470164e+03 2.228026e+01
3.407529e+00 0.000000e+00 2.476922e+03 2.222672e+01
3.441743e+00 0.000000e+00 2.473612e+03 2.189757e+01
3.475958e+00 0.000000e+00 2.459404e+03 2.287758e+01
3.510134e+00 0.000000e+00 2.435032e+03 2.188497e+01
3.545210e+00 0.000000e+00 2.437403e+03 2.285907e+01
3.581184e+00 0.000000e+00 2.457967e+03 2.186000e+01
3.617158e+00 0.000000e+00 2.421372e+03 2.184294e+01
3.653129e+00 0.000000e+00 2.485510e+03 2.200257e+01
3.689136e+00 0.000000e+00 2.446106e+03 2.337795e+01
3.726039e+00 0.000000e+00 2.397467e+03 2.757543e+01
3.763803e+00 0.000000e+00 2.402747e+03 3.156109e+01
3.801566e+00 0.000000e+00 2.416224e+03 3.161700e+01
3.839327e+00 0.000000e+00 2.438442e+03 2.322117e+01
3.877087e+00 0.000000e+00 2.438939e+03 2.316989e+01
3.915743e+00 0.000000e+00 2.430827e+03 2.321530e+01
3.955333e+00 0.000000e+00 2.429344e+03 2.311499e+01
3.994921e+00 0.000000e+00 2.411397e+03 2.360478e+01
4.034469e+00 0.000000e+00 2.417219e+03 2.411658e+01
4.074914e+00 0.000000e+00 2.420495e+03 2.400246e+01
4.116257e+00 0.000000e+00 2.428437e+03 2.504726e+01
4.157598e+00 0.000000e+00 2.449329e+03 2.549775e+01
4.198939e+00 0.000000e+00 2.446210e+03 2.695062e+01
4.240278e+00 0.000000e+00 2.476375e+03 2.699812e+01
4.282512e+00 0.000000e+00 2.483098e+03 2.822152e+01
4.325681e+00 0.000000e+00 2.374372e+03 2.806177e+01
4.368850e+00 0.000000e+00 2.484463e+03 2.960843e+01
4.411978e+00 0.000000e+00 2.423810e+03 2.922808e+01
4.456004e+00 0.000000e+00 2.396289e+03 3.001384e+01
4.500925e+00 0.000000e+00 2.412447e+03 3.206580e+01
4.545842e+00 0.000000e+00 2.511027e+03 3.325156e+01
4.590755e+00 0.000000e+00 2.433623e+03 3.359669e+01
4.636562e+00 0.000000e+00 2.442154e+03 3.371386e+01
4.683262e+00 0.000000e+00 2.389222e+03 3.372283e+01
4.729959e+00 0.000000e+00 2.418900e+03 3.620337e+01
4.776651e+00 0.000000e+00 2.468349e+03 3.584323e+01
4.824237e+00 0.000000e+00 2.439827e+03 3.571869e+01
4.872717e+00 0.000000e+00 2.501582e+03 3.788914e+01
4.921193e+00 0.000000e+00 2.425411e+03 3.923287e+01
4.970581e+00 0.000000e+00 2.410249e+03 4.000610e+01
5.020882e+00 0.000000e+00 2.424687e+03 4.042649e+01
5.071157e+00 0.000000e+00 2.442870e+03 4.091368e+01
5.121408e+00 0.000000e+00 2.471629e+03 4.276543e+01
5.163318e+00 0.000000e+00 2.589417e+03 6.876926e+01
