# Wavelength (um), wavelength error (um), (Rp/Rs)^2 (ppm), (Rp/Rs)^2 error (ppm) 
3.910000 0.010000 251.177523 14.990602 
3.930000 0.010000 239.179324 13.176879 
3.950000 0.010000 249.949667 13.565436 
3.970000 0.010000 252.804847 13.339267 
3.990000 0.010000 255.393597 12.971356 
4.010000 0.010000 258.396516 13.556262 
4.030000 0.010000 258.350354 12.896136 
4.050000 0.010000 241.102252 14.908572 
4.070000 0.010000 245.057116 12.973963 
4.090000 0.010000 259.803068 14.050513 
4.110000 0.010000 236.722505 14.336221 
4.130000 0.010000 267.028808 13.980660 
4.150000 0.010000 249.322374 13.830466 
4.170000 0.010000 238.771414 14.121316 
4.190000 0.010000 257.082057 16.057103 
4.210000 0.010000 262.004057 14.515099 
4.230000 0.010000 255.649360 14.776620 
4.250000 0.010000 235.509571 15.814015 
4.270000 0.010000 252.165300 14.559415 
4.290000 0.010000 253.779758 16.078149 
4.310000 0.010000 281.338533 15.999778 
4.330000 0.010000 247.309516 15.946102 
4.350000 0.010000 231.588784 15.682101 
4.370000 0.010000 273.416888 15.771112 
4.390000 0.010000 264.374235 15.860332 
4.410000 0.010000 253.559680 16.142923 
4.430000 0.010000 258.262316 16.346190 
4.450000 0.010000 257.278667 17.229184 
4.470000 0.010000 260.066352 17.050243 
4.490000 0.010000 245.303410 17.004572 
4.510000 0.010000 256.573532 17.070800 
4.530000 0.010000 246.372992 17.457446 
4.550000 0.010000 248.156314 17.550021 
4.570000 0.010000 257.257297 18.294390 
4.590000 0.010000 249.623427 18.672687 
4.610000 0.010000 227.883090 18.130554 
4.630000 0.010000 241.990866 18.215093 
4.650000 0.010000 283.376780 17.426050 
4.670000 0.010000 264.804931 18.928539 
4.690000 0.010000 270.448387 17.395727 
4.710000 0.010000 252.049383 19.089320 
4.730000 0.010000 303.595512 18.445650 
4.750000 0.010000 253.335343 18.020061 
4.770000 0.010000 247.263877 19.228346 
4.790000 0.010000 251.968479 19.481117 
4.810000 0.010000 235.934726 19.638616 
4.830000 0.010000 280.074715 19.644109 
4.850000 0.010000 240.676831 19.061456 
4.870000 0.010000 235.534645 20.766191 
4.890000 0.010000 261.637073 20.909575 
4.910000 0.010000 243.423087 20.593476 
4.930000 0.010000 234.691836 21.945755 
4.950000 0.010000 231.076950 22.741864 
4.970000 0.010000 290.882908 23.145781 
4.990000 0.010000 317.040569 25.445168 
