# Title: High Tide or Rip-Tide on the Cosmic Shoreline? A Water-Rich 
#        Atmosphere or Stellar Contamination for the Warm Super-Earth 
#        GJ 486b from JWST Observations 
# Authors: Moran S.E., Stevenson K.B., Sing D.K., MacDonald R.J., Kirk J., 
#          Lustig-Yaeger J., Peacock S., Mayorga L.C., Bennett K.A., 
#          Lopez-Morales M., May E.M., Rustamkulov Z., Valenti J.A., 
#          Adams Redai J.I., Alam M.K., Batalha N.E., Fu G., Gonzalez-Quiles J., 
#          Highland A.N., Kruse E., Lothringer J.D., Ortiz Ceballos K.N., 
#          Sotzen K.S., Wakeford H.R. 
# Figure: Our final spectra of GJ 486b from the three reduction procedures
# ================================================================================
# Byte-by-byte Description of file: dbf3.txt
# --------------------------------------------------------------------------------
#    Bytes Format Units   Label      Explanations
# --------------------------------------------------------------------------------
#   
#   10- 14 F5.3   um      Wave       Wavelength
#   16- 20 F5.3   um      Width      Wavelength bin width
#   22- 25 I4     ppm     Depth      Transit depth; parts per million
#   27- 28 I2     ppm   e_Depth      Uncertainty in Depth
# --------------------------------------------------------------------------------
2.867 0.01  1379 20 
2.887 0.01  1375 20 
2.907 0.01  1402 21 
2.927 0.01  1380 19 
2.947 0.01  1336 19 
2.967 0.01  1369 19 
2.987 0.01  1351 18 
3.007 0.01  1343 18 
3.027 0.01  1398 19 
3.047 0.01  1360 17 
3.067 0.01  1358 18 
3.087 0.01  1354 17 
3.107 0.01  1374 18 
3.127 0.01  1359 18 
3.147 0.01  1327 17 
3.167 0.01  1394 17 
3.187 0.01  1370 17 
3.207 0.01  1369 17 
3.227 0.01  1387 18 
3.247 0.01  1335 17 
3.267 0.01  1357 17 
3.287 0.01  1382 17 
3.307 0.01  1350 17 
3.327 0.01  1351 17 
3.347 0.01  1336 17 
3.367 0.01  1372 18 
3.387 0.01  1357 17 
3.407 0.01  1303 17 
3.427 0.01  1364 16 
3.447 0.01  1349 17 
3.467 0.01  1352 17 
3.487 0.01  1336 17 
3.507 0.01  1318 17 
3.527 0.01  1333 27 
3.547 0.01  1351 17 
3.567 0.01  1362 17 
3.587 0.01  1343 17 
3.607 0.01  1352 17 
3.627 0.01  1340 17 
3.647 0.01  1320 18 
3.667 0.01  1342 17 
3.687 0.01  1318 18 
3.707 0.01  1323 18 
3.835 0.01  1344 18 
3.855 0.01  1345 19 
3.875 0.01  1341 19 
3.895 0.01  1343 19 
3.915 0.01  1340 19 
3.935 0.01  1306 19 
3.955 0.01  1380 19 
3.975 0.01  1366 19 
3.995 0.01  1357 20 
4.015 0.01  1321 20 
4.035 0.01  1344 20 
4.055 0.01  1350 21 
4.075 0.01  1410 21 
4.095 0.01  1346 21 
4.115 0.01  1342 21 
4.135 0.01  1334 22 
4.155 0.01  1352 22 
4.175 0.01  1357 22 
4.195 0.01  1342 22 
4.215 0.01  1330 23 
4.235 0.01  1342 23 
4.255 0.01  1378 23 
4.275 0.01  1333 23 
4.295 0.01  1336 25 
4.315 0.01  1323 24 
4.335 0.01  1323 25 
4.355 0.01  1346 26 
4.375 0.01  1331 26 
4.395 0.01  1356 26 
4.415 0.01  1331 27 
4.435 0.01  1385 28 
4.455 0.01  1264 28 
4.475 0.01  1310 28 
4.495 0.01  1327 28 
4.515 0.01  1367 28 
4.535 0.01  1338 29 
4.555 0.01  1350 30 
4.575 0.01  1390 30 
4.595 0.01  1374 31 
4.615 0.01  1363 30 
4.635 0.01  1329 31 
4.655 0.01  1334 31 
4.675 0.01  1348 31 
4.695 0.01  1353 31 
4.715 0.01  1356 31 
4.735 0.01  1343 32 
4.755 0.01  1346 32 
4.775 0.01  1363 33 
4.795 0.01  1347 33 
4.815 0.01  1324 34 
4.835 0.01  1345 34 
4.855 0.01  1388 34 
4.875 0.01  1375 35 
4.895 0.01  1344 35 
4.915 0.01  1338 36 
4.935 0.01  1348 35 
4.955 0.01  1335 35 
4.975 0.01  1366 37 
4.995 0.01  1380 38 
5.015 0.01  1378 39 
5.035 0.01  1310 38 
5.055 0.01  1367 38 
5.075 0.01  1319 38 
5.095 0.01  1303 38 
5.115 0.01  1354 39 
5.135 0.01  1345 39 
5.155 0.01  1304 42 

