# Wave, half-width, depth (ppm), err (ppm)
2.873000e+00 0.000000e+00 1.567869e+03 2.558927e+01
2.893000e+00 0.000000e+00 1.619573e+03 2.560119e+01
2.913500e+00 0.000000e+00 1.589268e+03 2.446392e+01
2.934000e+00 0.000000e+00 1.546224e+03 2.362871e+01
2.954000e+00 0.000000e+00 1.619571e+03 2.293004e+01
2.974000e+00 0.000000e+00 1.606353e+03 2.404671e+01
2.994500e+00 0.000000e+00 1.579674e+03 2.147493e+01
3.015000e+00 0.000000e+00 1.617265e+03 2.243250e+01
3.035000e+00 0.000000e+00 1.607882e+03 2.170307e+01
3.055000e+00 0.000000e+00 1.593652e+03 2.191058e+01
3.075500e+00 0.000000e+00 1.624150e+03 2.179975e+01
3.096000e+00 0.000000e+00 1.592454e+03 2.184968e+01
3.116000e+00 0.000000e+00 1.621796e+03 2.191484e+01
3.136500e+00 0.000000e+00 1.622376e+03 2.149829e+01
3.157000e+00 0.000000e+00 1.599424e+03 2.059102e+01
3.177000e+00 0.000000e+00 1.567492e+03 2.231721e+01
3.197000e+00 0.000000e+00 1.590939e+03 2.180630e+01
3.217500e+00 0.000000e+00 1.585762e+03 2.083009e+01
3.238000e+00 0.000000e+00 1.593471e+03 2.131894e+01
3.258000e+00 0.000000e+00 1.600043e+03 2.179893e+01
3.278500e+00 0.000000e+00 1.614782e+03 2.047100e+01
3.299000e+00 0.000000e+00 1.621691e+03 2.115382e+01
3.319000e+00 0.000000e+00 1.631371e+03 2.142100e+01
3.339000e+00 0.000000e+00 1.615357e+03 2.112574e+01
3.359500e+00 0.000000e+00 1.580407e+03 2.020476e+01
3.380000e+00 0.000000e+00 1.586304e+03 2.138633e+01
3.400000e+00 0.000000e+00 1.583595e+03 2.141556e+01
3.420000e+00 0.000000e+00 1.619851e+03 2.124616e+01
3.440500e+00 0.000000e+00 1.579951e+03 2.076593e+01
3.461000e+00 0.000000e+00 1.598940e+03 2.087774e+01
3.481000e+00 0.000000e+00 1.562913e+03 2.109151e+01
3.501500e+00 0.000000e+00 1.642913e+03 2.130790e+01
3.522000e+00 0.000000e+00 1.614859e+03 2.133813e+01
3.542000e+00 0.000000e+00 1.598399e+03 2.164787e+01
3.562000e+00 0.000000e+00 1.617758e+03 2.178631e+01
3.582500e+00 0.000000e+00 1.576603e+03 2.066247e+01
3.603000e+00 0.000000e+00 1.611301e+03 2.196923e+01
3.623000e+00 0.000000e+00 1.564255e+03 2.174832e+01
3.643500e+00 0.000000e+00 1.581008e+03 2.097560e+01
3.664000e+00 0.000000e+00 1.545172e+03 2.199577e+01
3.684000e+00 0.000000e+00 1.610126e+03 2.171273e+01
3.704000e+00 0.000000e+00 1.597942e+03 2.251700e+01
3.830000e+00 0.000000e+00 1.557042e+03 2.465152e+01
3.849500e+00 0.000000e+00 1.616203e+03 2.350853e+01
3.869000e+00 0.000000e+00 1.585288e+03 2.381118e+01
3.889000e+00 0.000000e+00 1.576948e+03 2.375382e+01
3.909000e+00 0.000000e+00 1.589546e+03 2.462540e+01
3.928500e+00 0.000000e+00 1.626843e+03 2.461368e+01
3.948000e+00 0.000000e+00 1.597676e+03 2.441671e+01
3.968000e+00 0.000000e+00 1.595463e+03 2.460636e+01
3.987500e+00 0.000000e+00 1.581048e+03 2.588271e+01
4.007000e+00 0.000000e+00 1.567778e+03 2.467878e+01
4.027000e+00 0.000000e+00 1.584986e+03 2.567303e+01
4.047000e+00 0.000000e+00 1.566762e+03 2.572915e+01
4.066500e+00 0.000000e+00 1.584351e+03 2.655597e+01
4.086000e+00 0.000000e+00 1.630686e+03 2.672924e+01
4.106000e+00 0.000000e+00 1.559471e+03 2.706399e+01
4.126000e+00 0.000000e+00 1.591236e+03 2.680118e+01
4.145500e+00 0.000000e+00 1.639930e+03 2.833894e+01
4.165000e+00 0.000000e+00 1.622141e+03 2.813544e+01
4.185000e+00 0.000000e+00 1.581167e+03 2.776804e+01
4.204500e+00 0.000000e+00 1.584526e+03 2.953937e+01
4.224000e+00 0.000000e+00 1.588201e+03 2.856260e+01
4.244000e+00 0.000000e+00 1.615154e+03 2.843067e+01
4.264000e+00 0.000000e+00 1.566059e+03 2.883393e+01
4.283500e+00 0.000000e+00 1.611613e+03 2.988356e+01
4.303000e+00 0.000000e+00 1.571300e+03 3.889391e+01
4.323000e+00 0.000000e+00 1.643094e+03 3.198124e+01
4.343000e+00 0.000000e+00 1.613598e+03 3.152243e+01
4.362500e+00 0.000000e+00 1.586435e+03 3.396613e+01
4.382000e+00 0.000000e+00 1.589038e+03 3.248897e+01
4.402000e+00 0.000000e+00 1.627627e+03 3.455277e+01
4.421500e+00 0.000000e+00 1.607394e+03 3.492906e+01
4.441000e+00 0.000000e+00 1.602824e+03 3.453416e+01
4.461000e+00 0.000000e+00 1.620376e+03 3.508264e+01
4.481000e+00 0.000000e+00 1.638637e+03 3.621260e+01
4.500500e+00 0.000000e+00 1.654547e+03 3.739904e+01
4.520000e+00 0.000000e+00 1.629643e+03 3.602002e+01
4.540000e+00 0.000000e+00 1.601829e+03 3.561451e+01
4.560000e+00 0.000000e+00 1.597144e+03 3.846719e+01
4.579500e+00 0.000000e+00 1.568812e+03 4.329605e+01
4.599000e+00 0.000000e+00 1.570138e+03 3.735029e+01
4.619000e+00 0.000000e+00 1.649938e+03 3.862215e+01
4.638500e+00 0.000000e+00 1.557764e+03 4.013895e+01
4.658000e+00 0.000000e+00 1.612452e+03 3.922723e+01
4.678000e+00 0.000000e+00 1.609156e+03 4.027891e+01
4.698000e+00 0.000000e+00 1.561243e+03 4.067746e+01
4.717500e+00 0.000000e+00 1.542793e+03 4.170651e+01
4.737000e+00 0.000000e+00 1.568826e+03 4.099601e+01
4.757000e+00 0.000000e+00 1.586862e+03 4.179803e+01
4.777000e+00 0.000000e+00 1.618291e+03 4.312066e+01
4.796500e+00 0.000000e+00 1.643003e+03 4.361437e+01
4.816000e+00 0.000000e+00 1.563873e+03 4.293199e+01
4.836000e+00 0.000000e+00 1.575919e+03 4.470665e+01
4.855500e+00 0.000000e+00 1.616486e+03 4.539076e+01
4.875000e+00 0.000000e+00 1.581398e+03 4.614852e+01
4.895000e+00 0.000000e+00 1.686911e+03 5.378017e+01
4.915000e+00 0.000000e+00 1.561633e+03 4.782882e+01
4.934500e+00 0.000000e+00 1.584522e+03 4.794272e+01
4.954000e+00 0.000000e+00 1.688826e+03 4.730975e+01
4.974000e+00 0.000000e+00 1.612061e+03 4.747352e+01
4.994000e+00 0.000000e+00 1.606016e+03 5.131641e+01
5.013500e+00 0.000000e+00 1.604861e+03 5.019740e+01
5.033000e+00 0.000000e+00 1.554207e+03 4.923130e+01
5.053000e+00 0.000000e+00 1.503339e+03 4.909188e+01
5.072500e+00 0.000000e+00 1.522687e+03 5.266322e+01
