# Wave, half-width, depth (ppm), err (ppm)
2.876800e+00 1.460000e-02 2.010211e+03 5.082421e+01
2.906000e+00 1.460000e-02 1.978738e+03 4.977976e+01
2.935550e+00 1.495000e-02 1.936884e+03 4.729706e+01
2.965450e+00 1.495000e-02 2.007436e+03 4.509905e+01
2.995650e+00 1.525000e-02 1.933369e+03 4.419839e+01
3.026150e+00 1.525000e-02 1.933664e+03 4.234280e+01
3.057000e+00 1.560000e-02 1.925140e+03 4.414438e+01
3.088150e+00 1.555000e-02 1.912800e+03 4.345915e+01
3.119300e+00 1.560000e-02 1.823905e+03 4.306777e+01
3.150850e+00 1.595000e-02 1.921103e+03 4.345271e+01
3.183000e+00 1.620000e-02 1.889065e+03 4.132270e+01
3.215500e+00 1.630000e-02 1.854208e+03 4.315127e+01
3.248350e+00 1.655000e-02 1.918869e+03 4.166776e+01
3.281450e+00 1.655000e-02 1.954367e+03 4.083034e+01
3.314600e+00 1.660000e-02 1.900371e+03 4.001407e+01
3.348100e+00 1.690000e-02 1.992021e+03 4.004817e+01
3.382200e+00 1.720000e-02 2.060948e+03 3.865137e+01
3.416650e+00 1.725000e-02 1.995388e+03 3.867290e+01
3.451450e+00 1.755000e-02 2.044698e+03 3.836499e+01
3.486500e+00 1.750000e-02 1.946428e+03 3.871078e+01
3.521900e+00 1.790000e-02 1.960995e+03 3.888848e+01
3.557650e+00 1.785000e-02 1.993792e+03 3.737402e+01
3.593700e+00 1.820000e-02 2.031372e+03 3.760738e+01
3.630100e+00 1.820000e-02 1.964462e+03 3.766624e+01
3.666800e+00 1.850000e-02 2.001900e+03 3.873464e+01
3.700800e+00 1.550000e-02 1.976726e+03 4.203372e+01
3.842750e+00 1.945000e-02 1.895098e+03 3.951817e+01
3.881650e+00 1.945000e-02 1.958983e+03 4.122751e+01
3.920900e+00 1.980000e-02 1.971796e+03 4.280415e+01
3.960800e+00 2.010000e-02 2.050336e+03 4.300237e+01
4.001000e+00 2.010000e-02 1.993535e+03 4.398966e+01
4.041550e+00 2.045000e-02 2.001300e+03 4.405594e+01
4.082700e+00 2.070000e-02 1.931380e+03 4.378706e+01
4.124150e+00 2.075000e-02 1.967171e+03 4.586568e+01
4.165900e+00 2.100000e-02 2.015971e+03 4.646975e+01
4.207950e+00 2.105000e-02 1.933581e+03 4.754945e+01
4.250350e+00 2.135000e-02 1.999687e+03 4.743586e+01
4.293350e+00 2.165000e-02 1.949912e+03 5.207209e+01
4.337000e+00 2.200000e-02 1.987728e+03 5.271331e+01
4.380950e+00 2.195000e-02 1.936225e+03 5.564130e+01
4.425200e+00 2.230000e-02 1.996801e+03 5.667251e+01
4.470050e+00 2.255000e-02 1.929434e+03 5.561112e+01
4.515200e+00 2.260000e-02 1.966873e+03 5.849614e+01
4.560650e+00 2.285000e-02 1.927993e+03 6.100333e+01
4.606700e+00 2.320000e-02 1.955218e+03 6.085064e+01
4.653400e+00 2.350000e-02 1.813004e+03 6.012789e+01
4.700700e+00 2.380000e-02 1.921287e+03 6.112429e+01
4.748250e+00 2.375000e-02 1.912731e+03 6.285741e+01
4.796100e+00 2.410000e-02 1.896586e+03 6.535211e+01
4.844550e+00 2.435000e-02 2.038078e+03 6.514534e+01
4.893600e+00 2.470000e-02 1.939102e+03 6.848656e+01
4.943250e+00 2.495000e-02 1.861901e+03 6.811365e+01
4.993500e+00 2.530000e-02 1.795219e+03 7.043758e+01
5.044350e+00 2.555000e-02 1.949881e+03 7.361499e+01
5.095400e+00 2.550000e-02 1.840022e+03 7.176679e+01
5.146750e+00 2.585000e-02 1.852725e+03 1.084078e+02
