# Wave, half-width, depth (ppm), err (ppm)
6.533800e-01 3.270000e-03 3.331440e+03 3.623700e+02
6.599500e-01 3.300000e-03 2.247570e+03 3.971100e+02
6.665800e-01 3.330000e-03 3.275110e+03 3.917400e+02
6.732800e-01 3.370000e-03 2.676460e+03 3.741000e+02
6.800500e-01 3.400000e-03 2.650320e+03 3.588000e+02
6.868800e-01 3.430000e-03 2.645800e+03 3.210800e+02
6.937900e-01 3.470000e-03 2.833850e+03 2.591000e+02
7.007600e-01 3.500000e-03 2.639140e+03 2.227000e+02
7.078000e-01 3.540000e-03 3.078230e+03 2.501500e+02
7.149200e-01 3.570000e-03 2.160860e+03 2.882300e+02
7.221000e-01 3.610000e-03 3.054080e+03 2.306000e+02
7.293600e-01 3.650000e-03 2.799410e+03 1.895800e+02
7.366900e-01 3.680000e-03 3.008010e+03 1.598500e+02
7.440900e-01 3.720000e-03 2.808010e+03 1.585800e+02
7.515700e-01 3.760000e-03 2.887020e+03 1.463900e+02
7.591200e-01 3.800000e-03 2.765000e+03 1.493600e+02
7.667500e-01 3.830000e-03 2.889610e+03 1.975900e+02
7.744600e-01 3.870000e-03 3.076160e+03 1.896400e+02
7.822400e-01 3.910000e-03 2.716170e+03 1.854100e+02
7.901100e-01 3.950000e-03 2.678890e+03 1.843400e+02
7.980500e-01 3.990000e-03 3.287480e+03 1.662300e+02
8.060700e-01 4.030000e-03 2.640400e+03 1.675600e+02
8.141700e-01 4.070000e-03 2.512670e+03 1.538000e+02
8.223500e-01 4.110000e-03 2.629730e+03 1.631600e+02
8.306200e-01 4.150000e-03 2.780790e+03 1.691000e+02
8.389600e-01 4.190000e-03 3.070190e+03 1.654900e+02
8.474000e-01 4.240000e-03 3.080810e+03 1.929500e+02
8.557300e-01 4.100000e-03 2.665820e+03 2.037200e+02
8.593100e-01 4.300000e-03 2.494860e+03 1.172700e+02
8.679400e-01 4.340000e-03 2.959570e+03 1.182400e+02
8.766700e-01 4.380000e-03 2.899660e+03 9.907000e+01
8.854800e-01 4.430000e-03 2.700000e+03 9.813000e+01
8.943800e-01 4.470000e-03 2.665670e+03 9.129000e+01
9.033700e-01 4.520000e-03 2.891620e+03 9.362000e+01
9.124500e-01 4.560000e-03 2.726030e+03 9.260000e+01
9.216200e-01 4.610000e-03 2.733770e+03 7.762000e+01
9.308800e-01 4.650000e-03 2.780090e+03 8.514000e+01
9.402300e-01 4.700000e-03 2.864220e+03 8.462000e+01
9.496800e-01 4.750000e-03 2.892970e+03 7.163000e+01
9.592300e-01 4.800000e-03 2.842910e+03 7.620000e+01
9.688700e-01 4.840000e-03 2.851350e+03 7.164000e+01
9.786100e-01 4.890000e-03 2.936900e+03 7.435000e+01
9.884400e-01 4.940000e-03 2.662030e+03 6.801000e+01
9.983700e-01 4.990000e-03 2.805160e+03 6.926000e+01
1.008410e+00 5.040000e-03 2.836330e+03 6.617000e+01
1.018540e+00 5.090000e-03 2.907450e+03 6.643000e+01
1.028780e+00 5.140000e-03 2.770660e+03 6.161000e+01
1.039120e+00 5.200000e-03 2.689190e+03 6.264000e+01
1.049560e+00 5.250000e-03 2.897940e+03 5.801000e+01
1.060110e+00 5.300000e-03 2.867890e+03 6.112000e+01
1.070770e+00 5.350000e-03 2.790240e+03 5.875000e+01
1.081530e+00 5.410000e-03 2.844590e+03 5.550000e+01
1.092400e+00 5.460000e-03 2.821860e+03 5.439000e+01
1.103380e+00 5.520000e-03 2.980530e+03 5.760000e+01
1.114470e+00 5.570000e-03 2.769290e+03 5.367000e+01
1.125670e+00 5.630000e-03 2.745420e+03 5.044000e+01
1.136980e+00 5.680000e-03 2.912440e+03 5.457000e+01
1.148410e+00 5.740000e-03 2.882040e+03 5.187000e+01
1.159950e+00 5.800000e-03 2.851020e+03 4.853000e+01
1.171610e+00 5.860000e-03 2.902550e+03 5.416000e+01
1.183380e+00 5.920000e-03 2.825440e+03 5.542000e+01
1.195270e+00 5.980000e-03 2.870070e+03 4.861000e+01
1.207290e+00 6.040000e-03 2.909380e+03 5.072000e+01
1.219420e+00 6.100000e-03 2.858040e+03 5.085000e+01
1.231680e+00 6.160000e-03 2.869170e+03 5.064000e+01
1.244050e+00 6.220000e-03 2.917420e+03 4.942000e+01
1.256560e+00 6.280000e-03 2.974840e+03 4.947000e+01
1.269190e+00 6.350000e-03 2.872470e+03 4.850000e+01
1.281940e+00 6.410000e-03 2.840830e+03 4.983000e+01
1.294830e+00 6.470000e-03 2.953040e+03 5.238000e+01
1.307840e+00 6.540000e-03 2.830380e+03 4.829000e+01
1.320980e+00 6.600000e-03 2.821090e+03 4.833000e+01
1.334260e+00 6.670000e-03 2.785220e+03 5.104000e+01
1.347670e+00 6.740000e-03 2.775740e+03 4.901000e+01
1.361210e+00 6.810000e-03 2.883480e+03 5.538000e+01
1.374890e+00 6.870000e-03 2.935880e+03 5.848000e+01
1.388710e+00 6.940000e-03 2.891740e+03 5.384000e+01
1.402670e+00 7.010000e-03 2.879870e+03 5.136000e+01
1.416770e+00 7.080000e-03 2.829240e+03 5.627000e+01
1.431000e+00 7.160000e-03 2.941030e+03 5.426000e+01
1.445390e+00 7.230000e-03 2.803440e+03 5.411000e+01
1.459910e+00 7.300000e-03 2.800070e+03 5.824000e+01
1.474590e+00 7.370000e-03 2.874020e+03 5.655000e+01
1.489410e+00 7.450000e-03 2.768740e+03 5.852000e+01
1.504370e+00 7.520000e-03 2.822990e+03 5.639000e+01
1.519490e+00 7.600000e-03 2.819540e+03 5.299000e+01
1.534760e+00 7.670000e-03 2.781550e+03 5.879000e+01
1.550190e+00 7.750000e-03 2.709250e+03 5.195000e+01
1.565770e+00 7.830000e-03 2.821040e+03 5.549000e+01
1.581510e+00 7.910000e-03 2.899870e+03 5.654000e+01
1.597400e+00 7.990000e-03 2.788380e+03 5.523000e+01
1.613450e+00 8.070000e-03 2.772410e+03 5.737000e+01
1.629670e+00 8.150000e-03 2.822260e+03 5.693000e+01
1.646050e+00 8.230000e-03 2.853580e+03 5.483000e+01
1.662590e+00 8.310000e-03 2.871250e+03 5.965000e+01
1.679300e+00 8.400000e-03 2.723790e+03 6.984000e+01
1.696180e+00 8.480000e-03 2.896010e+03 6.007000e+01
1.713230e+00 8.570000e-03 2.752760e+03 6.097000e+01
1.730440e+00 8.650000e-03 2.749970e+03 6.528000e+01
1.747840e+00 8.740000e-03 2.824600e+03 6.058000e+01
1.765400e+00 8.830000e-03 2.919410e+03 6.425000e+01
1.783140e+00 8.920000e-03 2.861300e+03 6.572000e+01
1.801070e+00 9.010000e-03 2.960660e+03 6.626000e+01
1.819170e+00 9.100000e-03 2.749000e+03 7.450000e+01
1.837450e+00 9.190000e-03 2.784600e+03 7.152000e+01
1.855920e+00 9.280000e-03 3.016620e+03 7.522000e+01
1.874570e+00 9.370000e-03 2.832910e+03 7.470000e+01
1.893410e+00 9.470000e-03 2.781110e+03 7.343000e+01
1.912440e+00 9.560000e-03 2.787840e+03 7.381000e+01
1.931660e+00 9.660000e-03 2.862270e+03 7.746000e+01
1.951070e+00 9.760000e-03 2.868140e+03 8.086000e+01
1.970680e+00 9.850000e-03 2.821400e+03 8.054000e+01
1.990490e+00 9.950000e-03 2.755770e+03 8.098000e+01
2.010490e+00 1.005000e-02 2.770470e+03 8.630000e+01
2.030700e+00 1.015000e-02 2.646020e+03 8.198000e+01
2.051110e+00 1.026000e-02 2.860840e+03 8.293000e+01
2.071720e+00 1.036000e-02 2.830830e+03 8.050000e+01
2.092540e+00 1.046000e-02 2.987280e+03 7.984000e+01
2.113570e+00 1.057000e-02 2.953070e+03 8.183000e+01
2.134820e+00 1.067000e-02 2.896520e+03 9.136000e+01
2.156270e+00 1.078000e-02 2.682410e+03 8.113000e+01
2.177940e+00 1.089000e-02 2.764950e+03 8.640000e+01
2.199830e+00 1.100000e-02 2.967310e+03 8.989000e+01
2.221940e+00 1.111000e-02 2.655060e+03 8.525000e+01
2.244270e+00 1.122000e-02 2.854100e+03 8.375000e+01
2.266830e+00 1.133000e-02 2.729300e+03 9.341000e+01
2.289610e+00 1.145000e-02 2.631050e+03 8.507000e+01
2.312620e+00 1.156000e-02 2.949390e+03 9.328000e+01
2.335860e+00 1.168000e-02 2.855460e+03 9.518000e+01
2.359340e+00 1.180000e-02 2.849940e+03 1.016700e+02
2.383050e+00 1.192000e-02 2.924650e+03 1.027400e+02
2.407000e+00 1.203000e-02 2.613720e+03 1.086500e+02
2.431190e+00 1.216000e-02 2.748340e+03 1.047900e+02
2.455620e+00 1.228000e-02 2.774990e+03 1.169600e+02
2.480300e+00 1.240000e-02 2.645080e+03 1.218300e+02
2.505230e+00 1.253000e-02 2.944230e+03 1.194600e+02
2.530410e+00 1.265000e-02 3.013990e+03 1.308600e+02
2.555840e+00 1.278000e-02 3.032300e+03 1.313900e+02
2.581530e+00 1.291000e-02 2.900850e+03 1.376100e+02
2.607470e+00 1.304000e-02 2.596160e+03 1.390900e+02
2.633680e+00 1.317000e-02 3.049790e+03 1.383800e+02
2.651470e+00 4.620000e-03 2.888830e+03 2.329800e+02
