# Wave width, depth (ppm), err (ppm)
0.653384 0.003267 5.487878e+03 2.366000e+02
0.659951 0.003300 5.916254e+03 2.538000e+02
0.666583 0.003333 5.438177e+03 2.270000e+02
0.673283 0.003366 5.539783e+03 1.994000e+02
0.680049 0.003400 5.650580e+03 1.756000e+02
0.686884 0.003434 5.423342e+03 1.655000e+02
0.693787 0.003469 5.603974e+03 1.411000e+02
0.700760 0.003504 5.850486e+03 1.592000e+02
0.707803 0.003539 5.664595e+03 1.661000e+02
0.714916 0.003575 5.971649e+03 1.515000e+02
0.722102 0.003610 5.796720e+03 1.151000e+02
0.729359 0.003647 5.694570e+03 1.091000e+02
0.736689 0.003684 5.503378e+03 9.450000e+01
0.744093 0.003720 5.785113e+03 9.840000e+01
0.751571 0.003758 5.699888e+03 8.770000e+01
0.759125 0.003796 5.699537e+03 9.410000e+01
0.766754 0.003834 5.626190e+03 1.268000e+02
0.774460 0.003872 5.434462e+03 1.115000e+02
0.782244 0.003911 6.004829e+03 1.146000e+02
0.790106 0.003951 5.686776e+03 1.045000e+02
0.798046 0.003990 5.623951e+03 1.022000e+02
0.806067 0.004030 5.772029e+03 1.021000e+02
0.814168 0.004071 5.755918e+03 9.460000e+01
0.822351 0.004112 5.860806e+03 9.790000e+01
0.830615 0.004153 5.549947e+03 1.025000e+02
0.838963 0.004195 5.399421e+03 1.035000e+02
0.847395 0.004237 5.389842e+03 1.028000e+02
0.855730 0.004097 5.653104e+03 1.150000e+02
0.859308 0.004296 5.646480e+03 6.970000e+01
0.867945 0.004340 5.699963e+03 6.950000e+01
0.876668 0.004383 5.478117e+03 5.770000e+01
0.885478 0.004427 5.640904e+03 6.030000e+01
0.894378 0.004472 5.607654e+03 5.830000e+01
0.903366 0.004517 5.542841e+03 5.510000e+01
0.912445 0.004562 5.624716e+03 5.180000e+01
0.921616 0.004608 5.630182e+03 4.690000e+01
0.930878 0.004654 5.484811e+03 4.910000e+01
0.940234 0.004701 5.701265e+03 4.720000e+01
0.949683 0.004748 5.630205e+03 4.310000e+01
0.959228 0.004796 5.565530e+03 4.620000e+01
0.968868 0.004844 5.634853e+03 3.990000e+01
0.978606 0.004893 5.610094e+03 4.450000e+01
0.988441 0.004942 5.757093e+03 4.100000e+01
0.998375 0.004992 5.646845e+03 4.170000e+01
1.008409 0.005042 5.627276e+03 3.730000e+01
1.018544 0.005093 5.601920e+03 3.730000e+01
1.028780 0.005144 5.637678e+03 3.750000e+01
1.039120 0.005196 5.690195e+03 3.580000e+01
1.049563 0.005248 5.583240e+03 3.250000e+01
1.060112 0.005301 5.598340e+03 3.700000e+01
1.070766 0.005354 5.708413e+03 3.420000e+01
1.081527 0.005408 5.702738e+03 3.260000e+01
1.092397 0.005462 5.630167e+03 3.260000e+01
1.103376 0.005517 5.586659e+03 3.380000e+01
1.114465 0.005572 5.650842e+03 3.160000e+01
1.125666 0.005628 5.695394e+03 2.940000e+01
1.136979 0.005685 5.591689e+03 3.330000e+01
1.148406 0.005742 5.673675e+03 3.030000e+01
1.159948 0.005800 5.635307e+03 2.820000e+01
1.171606 0.005858 5.615234e+03 3.170000e+01
1.183380 0.005917 5.686550e+03 3.030000e+01
1.195274 0.005976 5.612107e+03 2.790000e+01
1.207286 0.006036 5.603556e+03 2.810000e+01
1.219420 0.006097 5.584544e+03 3.000000e+01
1.231675 0.006158 5.619761e+03 3.040000e+01
1.244054 0.006220 5.602436e+03 3.010000e+01
1.256557 0.006283 5.589876e+03 2.800000e+01
1.269186 0.006346 5.592178e+03 2.890000e+01
1.281942 0.006410 5.657722e+03 3.090000e+01
1.294825 0.006474 5.544324e+03 3.060000e+01
1.307839 0.006539 5.620364e+03 2.760000e+01
1.320983 0.006605 5.627941e+03 2.640000e+01
1.334259 0.006671 5.577515e+03 2.890000e+01
1.347669 0.006738 5.643338e+03 3.040000e+01
1.361213 0.006806 5.671598e+03 2.990000e+01
1.374894 0.006875 5.577711e+03 3.150000e+01
1.388712 0.006944 5.609412e+03 3.060000e+01
1.402669 0.007013 5.551215e+03 3.020000e+01
1.416766 0.007084 5.647080e+03 3.290000e+01
1.431005 0.007155 5.671557e+03 3.150000e+01
1.445386 0.007227 5.608978e+03 3.080000e+01
1.459913 0.007300 5.577850e+03 3.120000e+01
1.474586 0.007373 5.574141e+03 3.220000e+01
1.489405 0.007447 5.677843e+03 3.460000e+01
1.504374 0.007522 5.614033e+03 3.130000e+01
1.519494 0.007598 5.633509e+03 3.190000e+01
1.534765 0.007674 5.608312e+03 3.360000e+01
1.550190 0.007751 5.680345e+03 3.330000e+01
1.565770 0.007829 5.638286e+03 3.330000e+01
1.581506 0.007907 5.570691e+03 3.300000e+01
1.597401 0.007987 5.640701e+03 3.240000e+01
1.613455 0.008067 5.592860e+03 3.300000e+01
1.629670 0.008148 5.600537e+03 3.130000e+01
1.646049 0.008230 5.628367e+03 3.090000e+01
1.662592 0.008313 5.596873e+03 3.380000e+01
1.679302 0.008396 5.596128e+03 3.730000e+01
1.696179 0.008481 5.556831e+03 3.370000e+01
1.713226 0.008566 5.660631e+03 3.480000e+01
1.730444 0.008652 5.590975e+03 3.770000e+01
1.747836 0.008739 5.502285e+03 3.810000e+01
1.765402 0.008827 5.562668e+03 3.720000e+01
1.783145 0.008916 5.618167e+03 3.950000e+01
1.801066 0.009005 5.536300e+03 3.830000e+01
1.819167 0.009096 5.662490e+03 4.180000e+01
1.837450 0.009187 5.628754e+03 3.970000e+01
1.855917 0.009280 5.520609e+03 4.230000e+01
1.874569 0.009373 5.668514e+03 4.440000e+01
1.893409 0.009467 5.544354e+03 4.310000e+01
1.912438 0.009562 5.628463e+03 4.270000e+01
1.931659 0.009658 5.590639e+03 4.240000e+01
1.951073 0.009755 5.651397e+03 4.720000e+01
1.970681 0.009853 5.547851e+03 4.800000e+01
1.990487 0.009952 5.547383e+03 4.840000e+01
2.010492 0.010053 5.569940e+03 4.980000e+01
2.030698 0.010153 5.714670e+03 4.670000e+01
2.051107 0.010256 5.556494e+03 4.770000e+01
2.071721 0.010359 5.649584e+03 4.990000e+01
2.092542 0.010463 5.645841e+03 5.000000e+01
2.113573 0.010568 5.511582e+03 4.760000e+01
2.134815 0.010674 5.624218e+03 5.220000e+01
2.156271 0.010781 5.619222e+03 5.150000e+01
2.177942 0.010890 5.709592e+03 5.070000e+01
2.199830 0.010999 5.624986e+03 5.290000e+01
2.221939 0.011110 5.739260e+03 4.940000e+01
2.244270 0.011221 5.607612e+03 5.140000e+01
2.266826 0.011334 5.647446e+03 5.220000e+01
2.289608 0.011448 5.750467e+03 4.970000e+01
2.312619 0.011563 5.661389e+03 5.440000e+01
2.335862 0.011679 5.628138e+03 5.370000e+01
2.359338 0.011797 5.617965e+03 5.640000e+01
2.383049 0.011915 5.573130e+03 5.890000e+01
2.407000 0.012035 5.616492e+03 6.350000e+01
2.431191 0.012156 5.538401e+03 6.070000e+01
2.455625 0.012278 5.664125e+03 6.860000e+01
2.480304 0.012401 5.667749e+03 6.710000e+01
2.505232 0.012526 5.505108e+03 7.030000e+01
2.530410 0.012652 5.515521e+03 7.560000e+01
2.555842 0.012779 5.539134e+03 7.200000e+01
2.581528 0.012908 5.590959e+03 7.760000e+01
2.607473 0.013037 5.693714e+03 7.720000e+01
2.633679 0.013168 5.573383e+03 7.890000e+01
2.651470 0.004623 5.718253e+03 1.419000e+02
