# Wave, half-width, depth (ppm), err (ppm)
2.828709e+00 2.003850e-02 1.120804e+03 3.428600e+01
2.868786e+00 2.003150e-02 1.087351e+03 3.046083e+01
2.908849e+00 2.002450e-02 1.027567e+03 2.928557e+01
2.948898e+00 2.001700e-02 1.083205e+03 2.721946e+01
2.988932e+00 2.000950e-02 1.038122e+03 2.628532e+01
3.028951e+00 2.000200e-02 1.083531e+03 2.513874e+01
3.068955e+00 1.999400e-02 1.050178e+03 2.515245e+01
3.108943e+00 1.998600e-02 1.069204e+03 2.502096e+01
3.148915e+00 1.997750e-02 1.053880e+03 2.483904e+01
3.188870e+00 1.996900e-02 1.101493e+03 2.460880e+01
3.228809e+00 1.996050e-02 1.098486e+03 2.535137e+01
3.268730e+00 1.995200e-02 1.073927e+03 2.435778e+01
3.308634e+00 1.994300e-02 1.031145e+03 2.419997e+01
3.348519e+00 1.993350e-02 1.068364e+03 2.443607e+01
3.388387e+00 1.992450e-02 1.057617e+03 2.446232e+01
3.428236e+00 1.991500e-02 1.010936e+03 2.415169e+01
3.468065e+00 1.990500e-02 1.063190e+03 2.439068e+01
3.507876e+00 1.989550e-02 1.091869e+03 2.475764e+01
3.547666e+00 1.988500e-02 1.044518e+03 2.441132e+01
3.587437e+00 1.987500e-02 1.072366e+03 2.501050e+01
3.627187e+00 1.986450e-02 1.058769e+03 2.501722e+01
3.666916e+00 1.986450e-02 1.077732e+03 2.555448e+01
3.851906e+00 1.980100e-02 1.030338e+03 2.827695e+01
3.891508e+00 1.979000e-02 1.073730e+03 2.876979e+01
3.931087e+00 1.976800e-02 1.016023e+03 2.966773e+01
3.970623e+00 1.976200e-02 1.077118e+03 3.000165e+01
4.010147e+00 1.975550e-02 1.087612e+03 3.106808e+01
4.049658e+00 1.974350e-02 1.035590e+03 3.203913e+01
4.089145e+00 1.972300e-02 1.029764e+03 3.351969e+01
4.128592e+00 1.970100e-02 1.046108e+03 3.323421e+01
4.167994e+00 1.970250e-02 1.063956e+03 3.464197e+01
4.207398e+00 1.969250e-02 1.039738e+03 3.602496e+01
4.246783e+00 1.965950e-02 1.085172e+03 3.668736e+01
4.286103e+00 1.966050e-02 1.099583e+03 3.851882e+01
4.325424e+00 1.964800e-02 1.017372e+03 4.023636e+01
4.364720e+00 1.961750e-02 1.029047e+03 4.127338e+01
4.403956e+00 1.962400e-02 9.829192e+02 4.330217e+01
4.443204e+00 1.958900e-02 1.095535e+03 4.432942e+01
4.482382e+00 1.959250e-02 1.062490e+03 4.524397e+01
4.521567e+00 1.955900e-02 1.127382e+03 4.676654e+01
4.560685e+00 1.956000e-02 1.119954e+03 4.762438e+01
4.599805e+00 1.953100e-02 1.106890e+03 4.935636e+01
4.638867e+00 1.951950e-02 1.112502e+03 4.894597e+01
4.677906e+00 1.950800e-02 1.109651e+03 5.012619e+01
4.716922e+00 1.948000e-02 1.009716e+03 5.152087e+01
4.755883e+00 1.946900e-02 1.043274e+03 5.253078e+01
4.794820e+00 1.945350e-02 1.028246e+03 5.458371e+01
4.833727e+00 1.943400e-02 1.049057e+03 5.534723e+01
4.872595e+00 1.941150e-02 1.094624e+03 5.641506e+01
4.911419e+00 1.939350e-02 1.121906e+03 5.816760e+01
4.950206e+00 1.937650e-02 9.725439e+02 5.927135e+01
4.988959e+00 1.935650e-02 1.101885e+03 6.231333e+01
5.027673e+00 1.933600e-02 1.127652e+03 6.247728e+01
5.066345e+00 1.932350e-02 1.009956e+03 6.329852e+01
5.104993e+00 1.931100e-02 1.133871e+03 6.674459e+01
5.143615e+00 1.931100e-02 1.117767e+03 6.939062e+01
