# Wave, half-width, depth (ppm), err (ppm)
2.872809e+00 1.013870e-02 6.599547e+02 2.154956e+01
2.893163e+00 1.013875e-02 5.825328e+02 2.191399e+01
2.913574e+00 1.013870e-02 6.058720e+02 2.103893e+01
2.933923e+00 1.013870e-02 5.866791e+02 1.971854e+01
2.953929e+00 1.013870e-02 5.919548e+02 1.953623e+01
2.973933e+00 1.013875e-02 6.346369e+02 1.965696e+01
2.994331e+00 1.013870e-02 6.046459e+02 1.852505e+01
3.014668e+00 1.013870e-02 5.951901e+02 1.895097e+01
3.035000e+00 1.013875e-02 6.037857e+02 1.817518e+01
3.055330e+00 1.013870e-02 5.760133e+02 1.838401e+01
3.075716e+00 1.013870e-02 6.330452e+02 1.900397e+01
3.096038e+00 1.013870e-02 6.204790e+02 1.792895e+01
3.116357e+00 1.013875e-02 6.115843e+02 1.876501e+01
3.136672e+00 1.013870e-02 6.047007e+02 1.813116e+01
3.157043e+00 1.013870e-02 6.400146e+02 1.827468e+01
3.177012e+00 1.013875e-02 6.387167e+02 1.903007e+01
3.196978e+00 1.013870e-02 6.236196e+02 1.871097e+01
3.217277e+00 1.013870e-02 6.037925e+02 1.872374e+01
3.237573e+00 1.013870e-02 6.087789e+02 1.890787e+01
3.257925e+00 1.013875e-02 5.565333e+02 1.931610e+01
3.278212e+00 1.013870e-02 6.051555e+02 1.860163e+01
3.298496e+00 1.013870e-02 6.106266e+02 1.825971e+01
3.318774e+00 1.013875e-02 6.203562e+02 1.884647e+01
3.339049e+00 1.013870e-02 5.795640e+02 1.881570e+01
3.359319e+00 1.013870e-02 6.000233e+02 1.887520e+01
3.379646e+00 1.013870e-02 6.023833e+02 1.958114e+01
3.399907e+00 1.013875e-02 6.058020e+02 1.925333e+01
3.420164e+00 1.013870e-02 6.047235e+02 1.924049e+01
3.440416e+00 1.013870e-02 6.325773e+02 1.918444e+01
3.460663e+00 1.013875e-02 5.999437e+02 1.937348e+01
3.480906e+00 1.013870e-02 6.096172e+02 1.925777e+01
3.501143e+00 1.013870e-02 6.426296e+02 1.970185e+01
3.521714e+00 1.013870e-02 6.256919e+02 2.063211e+01
3.542279e+00 1.013875e-02 5.728125e+02 2.059441e+01
3.562502e+00 1.013870e-02 5.885975e+02 2.048296e+01
3.582720e+00 1.013870e-02 6.054965e+02 1.979560e+01
3.602994e+00 1.013875e-02 6.361234e+02 2.004038e+01
3.623202e+00 1.013870e-02 6.064750e+02 2.022010e+01
3.643405e+00 1.013870e-02 6.272176e+02 2.110515e+01
3.663603e+00 1.013870e-02 6.384567e+02 2.093138e+01
3.683796e+00 1.013875e-02 6.059904e+02 2.108055e+01
3.703983e+00 1.013870e-02 5.919415e+02 2.138864e+01
3.831530e+00 9.863800e-03 5.804526e+02 2.407552e+01
3.849663e+00 9.863800e-03 5.773820e+02 2.263255e+01
3.869134e+00 9.863800e-03 6.139407e+02 2.349368e+01
3.888936e+00 9.863800e-03 6.185483e+02 2.313516e+01
3.908669e+00 9.863800e-03 5.742408e+02 2.428291e+01
3.928459e+00 9.863850e-03 6.363563e+02 2.346964e+01
3.948244e+00 9.863800e-03 6.181673e+02 2.380403e+01
3.967687e+00 9.863800e-03 6.155438e+02 2.428341e+01
3.987461e+00 9.863800e-03 6.088474e+02 2.424545e+01
4.007228e+00 9.863800e-03 5.813516e+02 2.504430e+01
4.026990e+00 9.863800e-03 5.989333e+02 2.489297e+01
4.046746e+00 9.863800e-03 6.046285e+02 2.575749e+01
4.066496e+00 9.863800e-03 5.959200e+02 2.539602e+01
4.086240e+00 9.863800e-03 5.926910e+02 2.659278e+01
4.105978e+00 9.863800e-03 5.815604e+02 2.596011e+01
4.125710e+00 9.863800e-03 5.809351e+02 2.723270e+01
4.145373e+00 9.863850e-03 6.549388e+02 2.693189e+01
4.165093e+00 9.863800e-03 5.781526e+02 2.736960e+01
4.184807e+00 9.863800e-03 6.110032e+02 2.727513e+01
4.204514e+00 9.863800e-03 5.712515e+02 2.874260e+01
4.224216e+00 9.863800e-03 5.598950e+02 2.846176e+01
4.244244e+00 9.863800e-03 5.715033e+02 2.835700e+01
4.263933e+00 9.863800e-03 5.810271e+02 2.942439e+01
4.283551e+00 9.863800e-03 6.213345e+02 2.934461e+01
4.303227e+00 9.863800e-03 6.874113e+02 3.249981e+01
4.322896e+00 9.863800e-03 5.783428e+02 3.023863e+01
4.342891e+00 9.863850e-03 5.655093e+02 3.155376e+01
4.362547e+00 9.863800e-03 6.913075e+02 3.257005e+01
4.382132e+00 9.863800e-03 5.692926e+02 3.320331e+01
4.401774e+00 9.863800e-03 6.255586e+02 3.440222e+01
4.421409e+00 9.863800e-03 6.047995e+02 3.404523e+01
4.441370e+00 9.863800e-03 6.613339e+02 3.445722e+01
4.461260e+00 9.863800e-03 6.171740e+02 3.483930e+01
4.480874e+00 9.863800e-03 6.128663e+02 3.517822e+01
4.500481e+00 9.863800e-03 6.039374e+02 3.622165e+01
4.520413e+00 9.863800e-03 5.586210e+02 3.720617e+01
4.539942e+00 9.863800e-03 6.889499e+02 3.670955e+01
4.559527e+00 9.863850e-03 6.354815e+02 3.877181e+01
4.579436e+00 9.863800e-03 6.146114e+02 4.063838e+01
4.599338e+00 9.863800e-03 6.179863e+02 3.911691e+01
4.618836e+00 9.863800e-03 6.074138e+02 3.983176e+01
4.638391e+00 9.863800e-03 5.828429e+02 4.002716e+01
4.658270e+00 9.863800e-03 6.859694e+02 4.350378e+01
4.678076e+00 9.863800e-03 6.729825e+02 4.019397e+01
4.697938e+00 9.863800e-03 5.769002e+02 4.385940e+01
4.717792e+00 9.863800e-03 6.204703e+02 4.198764e+01
4.737242e+00 9.863800e-03 6.380239e+02 4.181703e+01
4.756749e+00 9.863800e-03 6.133348e+02 4.349995e+01
4.776579e+00 9.863850e-03 6.597318e+02 4.495325e+01
4.796334e+00 9.863800e-03 7.011680e+02 4.389323e+01
4.816146e+00 9.863800e-03 6.133537e+02 4.439825e+01
4.835884e+00 9.863800e-03 6.776127e+02 4.647643e+01
4.855679e+00 9.863800e-03 5.608206e+02 4.555615e+01
4.875464e+00 9.863800e-03 5.368459e+02 4.678265e+01
4.895175e+00 9.863800e-03 5.972833e+02 4.974878e+01
4.914942e+00 9.863800e-03 6.484651e+02 4.804745e+01
4.934635e+00 9.863800e-03 4.879720e+02 4.880404e+01
4.954383e+00 9.863800e-03 6.120721e+02 4.829769e+01
4.974056e+00 9.863850e-03 5.838966e+02 5.062806e+01
4.993785e+00 9.863800e-03 6.040070e+02 5.210142e+01
5.013505e+00 9.863800e-03 7.426005e+02 5.410920e+01
5.033149e+00 9.863800e-03 6.356587e+02 5.334894e+01
5.052848e+00 9.863800e-03 5.950095e+02 5.248530e+01
5.072472e+00 9.863800e-03 6.012181e+02 6.098615e+01
