# Wave, half-width, depth (ppm), err (ppm)
6.875400e-01 1.374240e-01 3.500000e+03 2.530000e+02
8.510000e-01 2.603500e-02 3.399000e+03 2.180000e+02
9.004870e-01 2.345300e-02 3.661000e+03 1.960000e+02
9.431920e-01 1.925200e-02 3.468000e+03 1.710000e+02
9.760970e-01 1.365200e-02 3.615000e+03 1.820000e+02
1.004067e+00 1.431800e-02 3.441000e+03 1.760000e+02
1.033368e+00 1.498300e-02 3.882000e+03 1.650000e+02
1.063993e+00 1.564100e-02 3.443000e+03 1.390000e+02
1.095913e+00 1.628000e-02 3.592000e+03 1.440000e+02
1.129082e+00 1.688900e-02 3.719000e+03 1.390000e+02
1.163431e+00 1.746000e-02 3.662000e+03 1.470000e+02
1.198876e+00 1.798500e-02 3.244000e+03 1.500000e+02
1.235318e+00 1.845700e-02 3.436000e+03 1.450000e+02
1.272647e+00 1.887200e-02 3.680000e+03 1.490000e+02
1.310735e+00 1.921600e-02 3.564000e+03 1.420000e+02
1.349453e+00 1.950200e-02 3.636000e+03 1.310000e+02
1.388684e+00 1.972900e-02 3.562000e+03 1.310000e+02
1.428311e+00 1.989700e-02 3.506000e+03 1.480000e+02
1.468217e+00 2.000900e-02 3.614000e+03 1.220000e+02
1.508295e+00 2.006900e-02 3.602000e+03 1.240000e+02
1.548452e+00 2.008800e-02 3.719000e+03 1.210000e+02
1.628666e+00 2.000000e-02 3.668000e+03 1.300000e+02
1.668574e+00 1.990800e-02 3.648000e+03 1.250000e+02
1.708272e+00 1.979000e-02 3.396000e+03 1.200000e+02
1.747711e+00 1.965000e-02 3.400000e+03 1.220000e+02
1.786847e+00 1.948600e-02 3.707000e+03 1.350000e+02
1.825648e+00 1.931500e-02 3.408000e+03 1.330000e+02
1.864097e+00 1.913400e-02 3.700000e+03 1.440000e+02
1.902175e+00 1.894500e-02 3.524000e+03 1.390000e+02
1.939871e+00 1.875100e-02 3.784000e+03 1.480000e+02
1.977172e+00 1.855100e-02 3.514000e+03 1.470000e+02
2.014068e+00 1.834400e-02 3.629000e+03 1.680000e+02
2.050551e+00 1.813900e-02 3.564000e+03 1.510000e+02
2.086626e+00 1.793600e-02 3.625000e+03 1.540000e+02
2.122297e+00 1.773500e-02 3.569000e+03 1.510000e+02
2.157567e+00 1.753500e-02 3.542000e+03 1.360000e+02
2.192439e+00 1.733700e-02 3.981000e+03 1.570000e+02
2.226919e+00 1.714200e-02 3.632000e+03 1.410000e+02
2.261027e+00 1.696600e-02 3.374000e+03 1.320000e+02
2.294768e+00 1.677600e-02 3.601000e+03 1.360000e+02
2.328134e+00 1.659000e-02 3.216000e+03 1.440000e+02
2.361130e+00 1.640700e-02 3.390000e+03 1.470000e+02
2.393763e+00 1.622700e-02 3.690000e+03 1.580000e+02
2.426041e+00 1.605100e-02 3.607000e+03 1.680000e+02
2.457972e+00 1.588000e-02 3.412000e+03 1.720000e+02
2.497338e+00 2.348600e-02 3.506000e+03 1.540000e+02
2.543944e+00 2.311900e-02 3.464000e+03 1.650000e+02
2.589830e+00 2.276600e-02 3.609000e+03 1.730000e+02
2.635021e+00 2.242500e-02 3.483000e+03 1.700000e+02
2.679541e+00 2.209500e-02 3.587000e+03 1.690000e+02
2.723433e+00 2.179600e-02 3.526000e+03 1.780000e+02
2.773821e+00 2.859300e-02 3.242000e+03 1.570000e+02
2.830483e+00 2.806900e-02 3.449000e+03 1.680000e+02
2.886118e+00 2.756700e-02 3.465000e+03 1.700000e+02
2.940767e+00 2.708100e-02 3.335000e+03 1.750000e+02
2.994459e+00 2.661100e-02 3.417000e+03 1.810000e+02
3.047244e+00 2.617300e-02 3.664000e+03 1.850000e+02
3.099171e+00 2.575300e-02 3.214000e+03 1.720000e+02
3.150274e+00 2.535000e-02 3.345000e+03 1.720000e+02
3.200585e+00 2.496200e-02 3.497000e+03 1.780000e+02
3.250137e+00 2.459000e-02 3.247000e+03 1.700000e+02
3.298959e+00 2.423200e-02 3.993000e+03 1.970000e+02
3.347080e+00 2.388900e-02 3.458000e+03 1.780000e+02
3.394527e+00 2.355800e-02 3.649000e+03 1.900000e+02
3.441339e+00 2.325500e-02 3.616000e+03 1.890000e+02
3.492860e+00 2.826600e-02 3.530000e+03 1.730000e+02
3.549307e+00 2.818100e-02 3.616000e+03 1.660000e+02
3.605228e+00 2.774000e-02 3.428000e+03 1.790000e+02
3.660273e+00 2.730600e-02 3.711000e+03 1.760000e+02
3.714473e+00 2.689300e-02 3.599000e+03 1.750000e+02
3.767870e+00 2.650400e-02 3.516000e+03 1.760000e+02
3.820503e+00 2.612900e-02 3.873000e+03 1.920000e+02
3.872399e+00 2.576700e-02 3.501000e+03 1.790000e+02
3.923575e+00 2.540900e-02 3.362000e+03 1.820000e+02
3.979034e+00 3.005000e-02 3.267000e+03 1.810000e+02
4.038673e+00 2.958900e-02 3.282000e+03 1.770000e+02
4.102226e+00 3.396400e-02 3.396000e+03 1.780000e+02
4.169591e+00 3.340100e-02 3.845000e+03 2.040000e+02
4.240493e+00 3.750100e-02 3.660000e+03 1.910000e+02
4.319369e+00 4.137500e-02 3.563000e+03 1.900000e+02
4.410235e+00 4.949100e-02 3.589000e+03 1.930000e+02
4.516743e+00 5.701700e-02 3.307000e+03 1.840000e+02
4.633486e+00 5.972600e-02 3.890000e+03 2.000000e+02
4.755428e+00 6.221600e-02 3.578000e+03 1.940000e+02
4.886109e+00 6.846500e-02 3.568000e+03 2.100000e+02
5.028717e+00 7.414300e-02 3.637000e+03 1.960000e+02
5.377918e+00 2.750590e-01 3.484000e+03 1.570000e+02
