# Wave, half-width, depth (ppm), err (ppm)
7.101151e-01 1.098186e-01 7.492442e+03 4.080344e+02
8.854772e-01 3.595846e-02 7.135821e+03 2.205815e+02
9.413046e-01 1.986894e-02 6.707154e+03 1.750984e+02
9.809479e-01 1.977440e-02 6.971578e+03 1.471362e+02
1.020627e+00 1.990486e-02 7.191910e+03 1.776219e+02
1.060330e+00 1.979773e-02 7.101346e+03 1.207661e+02
1.100044e+00 1.991631e-02 7.141769e+03 1.138961e+02
1.139989e+00 2.002904e-02 7.006160e+03 9.991205e+01
1.179916e+00 1.989765e-02 7.010085e+03 9.832180e+01
1.219808e+00 1.999432e-02 7.174652e+03 1.227484e+02
1.259407e+00 1.960452e-02 7.230932e+03 1.052552e+02
1.299175e+00 2.016366e-02 7.032960e+03 9.278051e+01
1.338853e+00 1.951405e-02 7.195007e+03 1.002918e+02
1.378427e+00 2.006051e-02 7.109096e+03 1.139329e+02
1.418364e+00 1.987608e-02 7.101684e+03 1.057536e+02
1.458409e+00 2.016954e-02 7.257640e+03 1.094902e+02
1.498306e+00 1.972677e-02 7.204722e+03 1.270303e+02
1.537796e+00 1.976365e-02 7.156287e+03 1.055065e+02
1.577355e+00 1.979518e-02 7.025931e+03 1.137332e+02
1.617217e+00 2.006669e-02 7.100187e+03 1.061945e+02
1.657128e+00 1.984438e-02 7.349208e+03 1.101139e+02
1.696835e+00 1.986284e-02 7.190589e+03 1.150199e+02
1.736576e+00 1.987805e-02 7.080521e+03 1.501275e+02
1.776345e+00 1.989060e-02 7.216084e+03 1.299902e+02
1.816382e+00 2.014681e-02 7.339681e+03 1.430676e+02
1.856193e+00 1.966423e-02 7.076100e+03 1.926314e+02
1.895775e+00 1.991789e-02 7.139832e+03 1.718384e+02
1.935864e+00 2.017133e-02 6.962283e+03 1.404193e+02
1.975476e+00 1.944045e-02 6.920100e+03 1.674734e+02
2.015103e+00 2.018636e-02 7.195006e+03 1.384390e+02
2.054992e+00 1.970214e-02 6.996802e+03 1.307976e+02
2.094405e+00 1.971099e-02 7.318763e+03 1.444142e+02
2.134576e+00 2.046052e-02 7.009135e+03 1.408871e+02
2.174769e+00 1.973199e-02 7.044069e+03 1.712394e+02
2.214244e+00 1.974371e-02 7.084904e+03 1.402530e+02
2.253991e+00 2.000316e-02 7.293286e+03 1.362317e+02
2.293763e+00 1.976905e-02 7.075953e+03 1.908053e+02
2.333562e+00 2.002904e-02 6.866621e+03 1.723521e+02
2.373384e+00 1.979378e-02 7.191821e+03 1.571353e+02
2.413230e+00 2.005180e-02 7.047449e+03 1.853700e+02
2.453342e+00 2.005976e-02 7.236829e+03 1.955155e+02
2.492970e+00 1.956866e-02 7.086423e+03 2.103737e+02
2.532354e+00 1.981547e-02 7.210718e+03 2.183368e+02
2.572473e+00 2.030314e-02 7.167312e+03 2.577820e+02
2.612320e+00 1.954454e-02 7.244879e+03 2.592782e+02
2.651878e+00 2.001297e-02 7.431012e+03 2.420964e+02
2.691618e+00 1.972675e-02 7.626311e+03 2.437771e+02
2.731017e+00 1.967284e-02 6.963991e+03 2.498283e+02
2.771024e+00 2.033436e-02 7.006525e+03 2.682248e+02
2.808919e+00 1.755981e-02 7.098086e+03 2.739869e+02
